BASE
       quantidade_quadrante_a  quantidade_quadrante_b  quantidade_quadrante_c  quantidade_quadrante_d  queima_total
count               94.000000               94.000000               94.000000               94.000000     94.000000
mean               359.212766              344.436170             7716.691489             8018.627660  16438.968085
std                343.297791              364.577515              586.535702              555.713181   1313.025034
min                  1.000000                0.000000             6205.000000             6696.000000  14253.000000
25%                 84.000000               56.000000             7315.500000             7648.500000  15488.500000
50%                254.500000              173.000000             7703.500000             7996.000000  16116.000000
75%                563.500000              569.000000             8067.250000             8419.000000  17361.500000
max               1461.000000             1194.000000             9191.000000             9158.000000  19412.000000
COEF = 0.5
       quantidade_quadrante_a  quantidade_quadrante_b  quantidade_quadrante_c  quantidade_quadrante_d  queima_total
count               94.000000               94.000000               94.000000               94.000000     94.000000
mean               359.212766              344.436170             7716.691489             8018.627660  16438.968085
std                343.297791              364.577515              586.535702              555.713181   1313.025034
min                  1.000000                0.000000             6205.000000             6696.000000  14253.000000
25%                 84.000000               56.000000             7315.500000             7648.500000  15488.500000
50%                254.500000              173.000000             7703.500000             7996.000000  16116.000000
75%                563.500000              569.000000             8067.250000             8419.000000  17361.500000
max               1461.000000             1194.000000             9191.000000             9158.000000  19412.000000
COEF = 1.5
       quantidade_quadrante_a  quantidade_quadrante_b  quantidade_quadrante_c  quantidade_quadrante_d  queima_total
count               100.00000              100.000000              100.000000              100.000000    100.000000
mean               3844.56000             3757.240000            22666.170000            23025.000000  53292.970000
std                 456.28981              535.890161             1166.330342             1172.083658   2555.857801
min                2499.00000             2693.000000            14698.000000            14540.000000  35229.000000
25%                3574.00000             3383.750000            22187.000000            22565.250000  52230.000000
50%                3826.50000             3757.500000            22771.000000            23033.500000  53241.500000
75%                4086.75000             4110.250000            23381.000000            23689.250000  54681.000000
max                5156.00000             5036.000000            24727.000000            25220.000000  57185.000000
COEF = 1 até borda
       quantidade_quadrante_a  quantidade_quadrante_b  quantidade_quadrante_c  quantidade_quadrante_d   queima_total
count               96.000000               96.000000               96.000000               96.000000      96.000000
mean              6189.520833             5718.302083           144124.500000           145554.375000  301586.697917
std               4493.986063             4531.824322             4480.763441             3897.181654   12697.103234
min                  1.000000                0.000000           133226.000000           137199.000000  276370.000000
25%               1992.750000             1993.750000           141698.000000           142606.750000  290002.000000
50%               5724.500000             4902.500000           144785.500000           145332.500000  304574.500000
75%              10218.750000             8894.250000           147057.000000           148547.250000  311148.000000
max              17489.000000            17053.000000           154863.000000           156103.000000  327844.000000
COEF = 0.5 até borda
       quantidade_quadrante_a  quantidade_quadrante_b  quantidade_quadrante_c  quantidade_quadrante_d   queima_total
count               96.000000               96.000000               96.000000               96.000000      96.000000
mean              6190.395833             5719.364583           145084.114583           146393.145833  303387.020833
std               4494.373318             4531.388706             4936.250318             4162.064675   12620.242148
min                  1.000000                1.000000           133230.000000           138726.000000  276529.000000
25%               1994.250000             1993.750000           142187.500000           143210.250000  294428.750000
50%               5728.500000             4906.000000           145673.000000           145978.500000  305589.500000
75%              10218.750000             8894.250000           147869.250000           149351.500000  312605.750000
max              17490.000000            17054.000000           160943.000000           158292.000000  327857.000000
COEF = 1.5 até borda
       quantidade_quadrante_a  quantidade_quadrante_b  quantidade_quadrante_c  quantidade_quadrante_d   queima_total
count              100.000000              100.000000              100.000000              100.000000     100.000000
mean             45337.850000            44830.880000           301770.730000           303332.670000  695272.130000
std               4664.085209             4780.435763            15154.255675            15251.654345   33060.876452
min              37945.000000            37128.000000           162883.000000           162017.000000  402268.000000
25%              41263.000000            40906.750000           299729.250000           301406.000000  686548.000000
50%              45411.000000            43836.000000           302533.500000           305038.500000  699828.500000
75%              49566.000000            48263.750000           306567.750000           308086.750000  707708.250000
max              56250.000000            55745.000000           323314.000000           317449.000000  731121.000000
Oeste Leste
       quantidade_quadrante_a  quantidade_quadrante_b  quantidade_quadrante_c  quantidade_quadrante_d  queima_total
count               99.000000               99.000000               99.000000               99.000000     99.000000
mean              7703.727273              348.414141              360.888889             7784.737374  16197.767677
std                461.756160              359.328370              356.356188              540.680176   1204.565955
min               6331.000000                0.000000                0.000000             6023.000000  12856.000000
25%               7414.500000               35.000000               85.000000             7459.500000  15442.500000
50%               7726.000000              251.000000              246.000000             7850.000000  16200.000000
75%               8016.000000              563.500000              594.000000             8152.500000  16990.000000
max               9156.000000             1377.000000             1544.000000             8871.000000  19157.000000
Sudeste Noroeste
       quantidade_quadrante_a  quantidade_quadrante_b  quantidade_quadrante_c  quantidade_quadrante_d  queima_total
count               100.00000              100.000000              100.000000              100.000000    100.000000
mean               7639.40000             2686.200000            10470.560000            10038.180000  30834.340000
std                 897.92713              773.870542             2175.986048             1157.284617   3785.633796
min                   1.00000              336.000000              126.000000             2841.000000  14865.000000
25%                7412.50000             2345.500000            10471.250000             9633.750000  30490.500000
50%                7733.00000             2714.500000            10867.000000            10178.000000  31442.500000
75%                8010.50000             3227.500000            11162.750000            10677.250000  32704.000000
max                9156.00000             4127.000000            12477.000000            11857.000000  35400.000000

359.212766 344.436170 7716.691489 8018.627660 16438.968085
umemeio 
3844.56  3757.24 22666.17 23025.00 53292.97
2499 2693 14698 14540 35229
5156 5036 24727 25220 57185

W->E
MEAN
7703.727273 348.414141 360.888889 7784.737374 16197.767677
dtype: float64
MIN
6331 0 0 6023 12856
dtype: int64
MAX
9156 1377 1544 8871 19157
dtype: int64



Se->No
MEAN
7639.40 2686.20 10470.56 10038.18
queima_total              30834.34
dtype: float64
MIN
1 336 126 2841
queima_total              14865
dtype: int64
MAX
9156 4127 12477 11857
queima_total              35400
dtype: int64




MEAN
iteracoes_ate_apagar        1238.093750
quantidade_quadrante_a      6189.520833
quantidade_quadrante_b      5718.302083
quantidade_quadrante_c    144124.500000
quantidade_quadrante_d    145554.375000
queima_total              301586.697917
dtype: float64
MIN
iteracoes_ate_apagar        1208
quantidade_quadrante_a         1
quantidade_quadrante_b         0
quantidade_quadrante_c    133226
quantidade_quadrante_d    137199
queima_total              276370
dtype: int64
MAX
iteracoes_ate_apagar        1270
quantidade_quadrante_a     17489
quantidade_quadrante_b     17053
quantidade_quadrante_c    154863
quantidade_quadrante_d    156103
queima_total              327844
dtype: int64


1232 316082 1232 316082 1241 318909 1238 294774 1265 316652 1233 290435 1243 289536 1240 309778 1240 314239 1243 313278 1234 289987 1234 305850 1247 303798 1219 287480 1233 307903 1254 288358 1250 305896 1238 302451 1246 318177 1240 297617 1253 294457 1258 313869 1218 290007 1229 285844 1249 309476 1242 318365 1227 311139 1235 299566 1224 302466 1220 289647 1264 316871 1260 314347 1270 322973 1242 292702 1226 304685 1234 289073 1232 309211 1221 288228 1253 312693 1240 299721 1220 309064 1234 306706 1233 297701 1260 322835 1243 308498 1226 293974 1229 291530 1244 320225 1235 305351 1259 306286 1246 289927 1266 297416 1214 284176 1230 284893 1255 323994 1238 279083 1235 305789 1231 310109 1239 289955 1219 286006 1230 281528 1246 314798 1230 285888 1237 295140 1235 305179 1231 311175 1241 305962 1248 308194 1249 327844 1237 326886 1241 301529 1261 312488 1255 306599 1214 276370 1231 291922 1253 284006 1208 277165 1252 295524 1222 299613 1216 296538 1218 294219 1243 293207 1243 310503 1229 277022 1225 282210 1243 284274 1245 312557 1228 305449 1248 307881 1215 280612 1242 304464 1225 312242 1231 310112 1217 287843 1264 307359 1249 311881


958 710533 958 710533 941 712739 944 690082 936 702091 940 687743 938 690877 943 694883 947 713053 941 700593 947 686625 952 718859 947 701820 957 683938 951 703236 956 705464 953 708444 949 702459 950 715215 948 705797 961 700701 956 720867 958 691126 952 684799 958 711231 953 718672 948 703457 946 687425 950 709398 951 682999 942 704226 948 707074 937 711240 943 685317 942 696490 954 658947 953 697935 950 712029 953 685846 947 704760 938 679950 959 714645 936 698501 944 693016 947 716732 935 697994 954 698793 935 678663 950 726094 942 700784 936 692368 968 702035 932 678415 954 696557 950 678223 943 679229 952 720557 960 681369 953 707463 965 718984 951 702422 926 666403 958 682758 941 669788 963 731121 957 686317 949 689839 942 691449 934 699104 960 712955 949 706069 943 715963 946 726646 946 698095 965 730819 943 702267 956 681762 937 689743 938 675768 930 663194 948 691173 953 699287 930 677980 938 683609 965 701184 934 704210 952 678582 956 678373 954 706288 942 701472 943 700370 948 703566 963 685674 950 705314 937 698144 962 715516 959 691709 933 690798 961 402268 948 709319

17 316082 17 316082 36 318913 17 294774 178 316797 886 291884 2017 300126 31 309783 17 314239 18 313279 171 290173 2362 318982 22 303800 17 287480 101 307998 2350 297360 17 305896 30 302455 106 318289 2288 314202 17 294457 826 317335 17 290007 125 285976 46 309483 914 321099 17 311139 103 299649 2280 312277 30 289652 17 316871 19 314348 17 322973 30 292706 29 304691 1891 296526 436 310305 17 288228 39 312707 778 301005 288 309884 1019 309188 17 297701 308 323185 127 308589 1752 302059 632 292891 1473 324061 529 306860 30 306289 168 290041 245 297729 60 284210 206 285096 66 324058 17 279083 765 307476 939 313187 2463 304800 211 286179 23 281530 639 316987 44 285900 24 295143 132 305283 41 311189 268 306599 831 311108 31 327857 55 326916 161 301713 2288 320782 34 306606 140 276529 711 294344 19 284008 2167 284621 24 295525 643 301512 36 296545 565 295947 754 295936 495 311930 43 277034 44 282222 2516 301165 52 312572 1315 310716 109 307950 26 280614 29 304472 435 312974 122 310220 386 288504 374 307723 27 311884


Base

MEAN
359.212766 344.436170 7716.691489 8018.627660
queima_total              16438.968085
dtype: float64
MIN
1 0 6205 6696
queima_total              14253
dtype: int64
MAX
1461 1194 9191 9158 19412
dtype: int64
DP
343.297791 364.577515 586.535702 555.713181
queima_total              1313.025034
dtype: float64

Meio

MEAN
359.212766 344.436170 7716.691489 8018.627660
queima_total              16438.968085
dtype: float64
MIN
1 0 6205 6696
queima_total              14253
dtype: int64
MAX
1461 1194 9191 9158
queima_total              19412
dtype: int64
DP
343.297791 364.577515 586.535702 555.713181
queima_total              1313.025034
dtype: float64

Um e Meio
MEAN
3844.56 3757.24 22666.17 23025.00
queima_total              53292.97
dtype: float64
MIN
2499 2693 14698 14540
queima_total              35229
dtype: int64
MAX
5156  5036 24727 25220
queima_total              57185
dtype: int64
DP
456.289810 535.890161 1166.330342 1172.083658
queima_total              2555.857801
dtype: float64

Sudeste Noroeste
MEAN
7639.40 2686.20 10470.56 10038.18
queima_total              30834.34
dtype: float64
MIN
  1 336 126 2841
queima_total              14865
dtype: int64
MAX
9156 4127 12477 11857
queima_total              35400
dtype: int64
DP
897.927130 773.870542 2175.986048 1157.284617
queima_total              3785.633796
dtype: float64




Oeste Leste
MEAN
7703.727273 348.414141 360.888889 7784.737374
queima_total              16197.767677
dtype: float64
MIN
6331 0 0
quantidade_quadrante_d     6023
queima_total              12856
dtype: int64
MAX
9156 1377 1544 8871
queima_total              19157
dtype: int64
DP
461.756160 359.328370 356.356188 540.680176
queima_total              1204.565955
dtype: float64