BASE
       quantidade_quadrante_a  quantidade_quadrante_b  quantidade_quadrante_c  quantidade_quadrante_d  queima_total
count               94.000000               94.000000               94.000000               94.000000     94.000000
mean               359.212766              344.436170             7716.691489             8018.627660  16438.968085
std                343.297791              364.577515              586.535702              555.713181   1313.025034
min                  1.000000                0.000000             6205.000000             6696.000000  14253.000000
25%                 84.000000               56.000000             7315.500000             7648.500000  15488.500000
50%                254.500000              173.000000             7703.500000             7996.000000  16116.000000
75%                563.500000              569.000000             8067.250000             8419.000000  17361.500000
max               1461.000000             1194.000000             9191.000000             9158.000000  19412.000000
COEF = 0.5
       quantidade_quadrante_a  quantidade_quadrante_b  quantidade_quadrante_c  quantidade_quadrante_d  queima_total
count               94.000000               94.000000               94.000000               94.000000     94.000000
mean               359.212766              344.436170             7716.691489             8018.627660  16438.968085
std                343.297791              364.577515              586.535702              555.713181   1313.025034
min                  1.000000                0.000000             6205.000000             6696.000000  14253.000000
25%                 84.000000               56.000000             7315.500000             7648.500000  15488.500000
50%                254.500000              173.000000             7703.500000             7996.000000  16116.000000
75%                563.500000              569.000000             8067.250000             8419.000000  17361.500000
max               1461.000000             1194.000000             9191.000000             9158.000000  19412.000000
COEF = 1.5
       quantidade_quadrante_a  quantidade_quadrante_b  quantidade_quadrante_c  quantidade_quadrante_d  queima_total
count               100.00000              100.000000              100.000000              100.000000    100.000000
mean               3844.56000             3757.240000            22666.170000            23025.000000  53292.970000
std                 456.28981              535.890161             1166.330342             1172.083658   2555.857801
min                2499.00000             2693.000000            14698.000000            14540.000000  35229.000000
25%                3574.00000             3383.750000            22187.000000            22565.250000  52230.000000
50%                3826.50000             3757.500000            22771.000000            23033.500000  53241.500000
75%                4086.75000             4110.250000            23381.000000            23689.250000  54681.000000
max                5156.00000             5036.000000            24727.000000            25220.000000  57185.000000
COEF = 1 até borda
       quantidade_quadrante_a  quantidade_quadrante_b  quantidade_quadrante_c  quantidade_quadrante_d   queima_total
count               96.000000               96.000000               96.000000               96.000000      96.000000
mean              6189.520833             5718.302083           144124.500000           145554.375000  301586.697917
std               4493.986063             4531.824322             4480.763441             3897.181654   12697.103234
min                  1.000000                0.000000           133226.000000           137199.000000  276370.000000
25%               1992.750000             1993.750000           141698.000000           142606.750000  290002.000000
50%               5724.500000             4902.500000           144785.500000           145332.500000  304574.500000
75%              10218.750000             8894.250000           147057.000000           148547.250000  311148.000000
max              17489.000000            17053.000000           154863.000000           156103.000000  327844.000000
COEF = 0.5 até borda
       quantidade_quadrante_a  quantidade_quadrante_b  quantidade_quadrante_c  quantidade_quadrante_d   queima_total
count               96.000000               96.000000               96.000000               96.000000      96.000000
mean              6190.395833             5719.364583           145084.114583           146393.145833  303387.020833
std               4494.373318             4531.388706             4936.250318             4162.064675   12620.242148
min                  1.000000                1.000000           133230.000000           138726.000000  276529.000000
25%               1994.250000             1993.750000           142187.500000           143210.250000  294428.750000
50%               5728.500000             4906.000000           145673.000000           145978.500000  305589.500000
75%              10218.750000             8894.250000           147869.250000           149351.500000  312605.750000
max              17490.000000            17054.000000           160943.000000           158292.000000  327857.000000
COEF = 1.5 até borda
       quantidade_quadrante_a  quantidade_quadrante_b  quantidade_quadrante_c  quantidade_quadrante_d   queima_total
count              100.000000              100.000000              100.000000              100.000000     100.000000
mean             45337.850000            44830.880000           301770.730000           303332.670000  695272.130000
std               4664.085209             4780.435763            15154.255675            15251.654345   33060.876452
min              37945.000000            37128.000000           162883.000000           162017.000000  402268.000000
25%              41263.000000            40906.750000           299729.250000           301406.000000  686548.000000
50%              45411.000000            43836.000000           302533.500000           305038.500000  699828.500000
75%              49566.000000            48263.750000           306567.750000           308086.750000  707708.250000
max              56250.000000            55745.000000           323314.000000           317449.000000  731121.000000
Oeste Leste
       quantidade_quadrante_a  quantidade_quadrante_b  quantidade_quadrante_c  quantidade_quadrante_d  queima_total
count               99.000000               99.000000               99.000000               99.000000     99.000000
mean              7703.727273              348.414141              360.888889             7784.737374  16197.767677
std                461.756160              359.328370              356.356188              540.680176   1204.565955
min               6331.000000                0.000000                0.000000             6023.000000  12856.000000
25%               7414.500000               35.000000               85.000000             7459.500000  15442.500000
50%               7726.000000              251.000000              246.000000             7850.000000  16200.000000
75%               8016.000000              563.500000              594.000000             8152.500000  16990.000000
max               9156.000000             1377.000000             1544.000000             8871.000000  19157.000000
Sudeste Noroeste
       quantidade_quadrante_a  quantidade_quadrante_b  quantidade_quadrante_c  quantidade_quadrante_d  queima_total
count               100.00000              100.000000              100.000000              100.000000    100.000000
mean               7639.40000             2686.200000            10470.560000            10038.180000  30834.340000
std                 897.92713              773.870542             2175.986048             1157.284617   3785.633796
min                   1.00000              336.000000              126.000000             2841.000000  14865.000000
25%                7412.50000             2345.500000            10471.250000             9633.750000  30490.500000
50%                7733.00000             2714.500000            10867.000000            10178.000000  31442.500000
75%                8010.50000             3227.500000            11162.750000            10677.250000  32704.000000
max                9156.00000             4127.000000            12477.000000            11857.000000  35400.000000